1, aed 1 -30. 0. 1.;
2, aed 2 0. 0. 1.;
3, aed 3 30. 0. 1.;
4, aed 4 60. 0. 1.;
5, aed 5 90. 0. 1.;
6, aed 6 120. 0. 1.;
7, aed 7 150. 0. 1.;
8, aed 8 180. 0. 1.;
9, aed 9 -150. 0. 1.;
10, aed 10 -120. 0. 1.;
11, aed 11 -90. 0. 1.;
12, aed 12 -60. 0. 1.;
13, aed 13 -20. 42.67 1.;
14, aed 14 25. 42.67 1.;
15, aed 15 70. 42.67 1.;
16, aed 16 115. 42.67 1.;
17, aed 17 160. 42.67 1.;
18, aed 18 -155. 42.67 1.;
19, aed 19 -110. 42.67 1.;
20, aed 20 -65. 42.67 1.;
21, aed 21 -45. 68.43 1.;
22, aed 22 45. 68.43 1.;
23, aed 23 135. 68.43 1.;
24, aed 24 -135. 68.43 1.;
25, aed 25 0. 90. 1.;
